Date,Time,Stanford Entrance,Ohlone College Entrance,Total
12/16/13 0:00,9:00:00,0,0,0
12/16/13 0:00,10:00:00,22,2,24
12/16/13 0:00,11:00:00,1,0,1
12/16/13 0:00,12:00:00,66,30,96
12/16/13 0:00,13:00:00,57,1,58
12/16/13 0:00,14:00:00,53,5,58
12/16/13 0:00,15:00:00,66,1,67
12/16/13 0:00,16:00:00,48,6,54
12/16/13 0:00,17:00:00,51,0,51
12/16/13 0:00,18:00:00,29,2,31
12/16/13 0:00,19:00:00,6,0,6
12/16/13 0:00,20:00:00,12,0,12
12/16/13 0:00,21:00:00,6,0,6
12/16/13 0:00,22:00:00,3,0,3
12/16/13 0:00,23:00:00,0,1,1
12/17/13 0:00,0:00:00,0,0,0
12/17/13 0:00,1:00:00,0,1,1
12/17/13 0:00,2:00:00,0,0,0
12/17/13 0:00,3:00:00,1,0,1
12/17/13 0:00,4:00:00,3,1,4
12/17/13 0:00,5:00:00,19,0,19
12/17/13 0:00,6:00:00,37,2,39
12/17/13 0:00,7:00:00,32,6,38
12/17/13 0:00,8:00:00,58,3,61
12/17/13 0:00,9:00:00,74,1,75
12/17/13 0:00,10:00:00,52,0,52
12/17/13 0:00,11:00:00,36,46,82
12/17/13 0:00,12:00:00,51,2,53
12/17/13 0:00,13:00:00,56,3,59
12/17/13 0:00,14:00:00,44,12,56
12/17/13 0:00,15:00:00,61,29,90
12/17/13 0:00,16:00:00,52,81,133
12/17/13 0:00,17:00:00,55,39,94
12/17/13 0:00,18:00:00,19,88,107
12/17/13 0:00,19:00:00,24,14,38
12/17/13 0:00,20:00:00,15,22,37
12/17/13 0:00,21:00:00,8,41,49
12/17/13 0:00,22:00:00,8,18,26
12/17/13 0:00,23:00:00,1,2,3
12/18/13 0:00,0:00:00,1,0,1
12/18/13 0:00,1:00:00,0,29,29
12/18/13 0:00,2:00:00,0,15,15
12/18/13 0:00,3:00:00,3,0,3
12/18/13 0:00,4:00:00,5,1,6
12/18/13 0:00,5:00:00,13,18,31
12/18/13 0:00,6:00:00,30,112,142
12/18/13 0:00,7:00:00,36,17,53
12/18/13 0:00,8:00:00,54,9,63
12/18/13 0:00,9:00:00,92,15,107
12/18/13 0:00,10:00:00,71,22,93
12/18/13 0:00,11:00:00,72,8,80
12/18/13 0:00,12:00:00,60,12,72
12/18/13 0:00,13:00:00,51,11,62
12/18/13 0:00,14:00:00,37,1,38
12/18/13 0:00,15:00:00,55,2,57
12/18/13 0:00,16:00:00,57,3,60
12/18/13 0:00,17:00:00,54,0,54
12/18/13 0:00,18:00:00,35,0,35
12/18/13 0:00,19:00:00,22,0,22
12/18/13 0:00,20:00:00,14,0,14
12/18/13 0:00,21:00:00,8,0,8
12/18/13 0:00,22:00:00,5,0,5
12/18/13 0:00,23:00:00,0,0,0
12/19/13 0:00,0:00:00,0,0,0
12/19/13 0:00,1:00:00,0,0,0
12/19/13 0:00,2:00:00,0,0,0
12/19/13 0:00,3:00:00,0,0,0
12/19/13 0:00,4:00:00,4,2,6
12/19/13 0:00,5:00:00,26,3,29
12/19/13 0:00,6:00:00,17,0,17
12/19/13 0:00,7:00:00,44,7,51
12/19/13 0:00,8:00:00,59,2,61
12/19/13 0:00,9:00:00,55,7,62
12/19/13 0:00,10:00:00,92,4,96
12/19/13 0:00,11:00:00,56,3,59
12/19/13 0:00,12:00:00,35,2,37
12/19/13 0:00,13:00:00,52,1,53
12/19/13 0:00,14:00:00,56,2,58
12/19/13 0:00,15:00:00,76,3,79
12/19/13 0:00,16:00:00,60,3,63
12/19/13 0:00,17:00:00,37,1,38
12/19/13 0:00,18:00:00,26,0,26
12/19/13 0:00,19:00:00,11,2,13
12/19/13 0:00,20:00:00,11,1,12
12/19/13 0:00,21:00:00,3,1,4
12/19/13 0:00,22:00:00,1,0,1
12/19/13 0:00,23:00:00,4,0,4
12/20/13 0:00,0:00:00,2,2,4
12/20/13 0:00,1:00:00,0,0,0
12/20/13 0:00,2:00:00,2,0,2
12/20/13 0:00,3:00:00,0,0,0
12/20/13 0:00,4:00:00,7,1,8
12/20/13 0:00,5:00:00,18,1,19
12/20/13 0:00,6:00:00,34,1,35
12/20/13 0:00,7:00:00,54,2,56
12/20/13 0:00,8:00:00,61,4,65
12/20/13 0:00,9:00:00,92,6,98
12/20/13 0:00,10:00:00,67,4,71
12/20/13 0:00,11:00:00,68,4,72
12/20/13 0:00,12:00:00,60,10,70
12/20/13 0:00,13:00:00,44,1,45
12/20/13 0:00,14:00:00,60,3,63
12/20/13 0:00,15:00:00,70,5,75
12/20/13 0:00,16:00:00,57,11,68
12/20/13 0:00,17:00:00,50,17,67
12/20/13 0:00,18:00:00,29,5,34
12/20/13 0:00,19:00:00,7,3,10
12/20/13 0:00,20:00:00,4,0,4
12/20/13 0:00,21:00:00,4,0,4
12/20/13 0:00,22:00:00,5,0,5
12/20/13 0:00,23:00:00,2,0,2
12/21/13 0:00,0:00:00,0,0,0
12/21/13 0:00,1:00:00,0,1,1
12/21/13 0:00,2:00:00,1,0,1
12/21/13 0:00,3:00:00,0,0,0
12/21/13 0:00,4:00:00,9,0,9
12/21/13 0:00,5:00:00,47,0,47
12/21/13 0:00,6:00:00,84,1,85
12/21/13 0:00,7:00:00,97,4,101
12/21/13 0:00,8:00:00,182,11,193
12/21/13 0:00,9:00:00,233,23,256
12/21/13 0:00,10:00:00,213,43,256
12/21/13 0:00,11:00:00,183,23,206
12/21/13 0:00,12:00:00,165,30,195
12/21/13 0:00,13:00:00,117,7,124
12/21/13 0:00,14:00:00,125,25,150
12/21/13 0:00,15:00:00,118,16,134
12/21/13 0:00,16:00:00,114,5,119
12/21/13 0:00,17:00:00,81,2,83
12/21/13 0:00,18:00:00,32,0,32
12/21/13 0:00,19:00:00,12,1,13
12/21/13 0:00,20:00:00,6,0,6
12/21/13 0:00,21:00:00,7,0,7
12/21/13 0:00,22:00:00,2,0,2
12/21/13 0:00,23:00:00,7,0,7
12/22/13 0:00,0:00:00,0,0,0
12/22/13 0:00,1:00:00,3,0,3
12/22/13 0:00,2:00:00,0,0,0
12/22/13 0:00,3:00:00,0,0,0
12/22/13 0:00,4:00:00,13,0,13
12/22/13 0:00,5:00:00,36,1,37
12/22/13 0:00,6:00:00,64,4,68
12/22/13 0:00,7:00:00,136,8,144
12/22/13 0:00,8:00:00,142,54,196
12/22/13 0:00,9:00:00,193,17,210
12/22/13 0:00,10:00:00,215,30,245
12/22/13 0:00,11:00:00,201,33,234
12/22/13 0:00,12:00:00,166,35,201
12/22/13 0:00,13:00:00,155,31,186
12/22/13 0:00,14:00:00,206,29,235
12/22/13 0:00,15:00:00,205,39,244
12/22/13 0:00,16:00:00,173,33,206
12/22/13 0:00,17:00:00,134,17,151
12/22/13 0:00,18:00:00,42,1,43
12/22/13 0:00,19:00:00,13,0,13
12/22/13 0:00,20:00:00,5,1,6
12/22/13 0:00,21:00:00,3,0,3
12/22/13 0:00,22:00:00,1,0,1
12/22/13 0:00,23:00:00,2,2,4
12/23/13 0:00,0:00:00,1,0,1
12/23/13 0:00,1:00:00,0,0,0
12/23/13 0:00,2:00:00,0,0,0
12/23/13 0:00,3:00:00,13,0,13
12/23/13 0:00,4:00:00,8,1,9
12/23/13 0:00,5:00:00,29,6,35
12/23/13 0:00,6:00:00,38,5,43
12/23/13 0:00,7:00:00,60,12,72
12/23/13 0:00,8:00:00,88,15,103
12/23/13 0:00,9:00:00,144,24,168
12/23/13 0:00,10:00:00,123,19,142
12/23/13 0:00,12:00:00,123,15,138
12/23/13 0:00,13:00:00,86,16,102
12/23/13 0:00,14:00:00,84,12,96
12/23/13 0:00,15:00:00,115,11,126
12/23/13 0:00,16:00:00,89,1,90
12/23/13 0:00,17:00:00,80,2,82
12/23/13 0:00,18:00:00,36,1,37
12/23/13 0:00,19:00:00,10,0,10
12/23/13 0:00,20:00:00,9,0,9
12/23/13 0:00,21:00:00,8,0,8
12/23/13 0:00,22:00:00,4,0,4
12/23/13 0:00,23:00:00,0,1,1
12/24/13 0:00,0:00:00,0,0,0
12/24/13 0:00,1:00:00,0,0,0
12/24/13 0:00,2:00:00,0,0,0
12/24/13 0:00,3:00:00,0,0,0
12/24/13 0:00,4:00:00,2,0,2
12/24/13 0:00,5:00:00,31,2,33
12/24/13 0:00,6:00:00,55,0,55
12/24/13 0:00,7:00:00,73,3,76
12/24/13 0:00,8:00:00,104,15,119
12/24/13 0:00,9:00:00,195,9,204
12/24/13 0:00,10:00:00,173,11,184
12/24/13 0:00,11:00:00,143,21,164
12/24/13 0:00,12:00:00,135,11,146
12/24/13 0:00,13:00:00,108,9,117
12/24/13 0:00,14:00:00,115,27,142
12/24/13 0:00,15:00:00,133,12,145
12/24/13 0:00,16:00:00,126,58,184
12/24/13 0:00,17:00:00,69,26,95
12/24/13 0:00,18:00:00,15,0,15
12/24/13 0:00,19:00:00,4,4,8
12/24/13 0:00,20:00:00,7,0,7
12/24/13 0:00,21:00:00,1,0,1
12/24/13 0:00,22:00:00,2,0,2
12/24/13 0:00,23:00:00,0,0,0
12/25/13 0:00,0:00:00,0,0,0
12/25/13 0:00,1:00:00,3,0,3
12/25/13 0:00,2:00:00,0,0,0
12/25/13 0:00,3:00:00,0,0,0
12/25/13 0:00,4:00:00,0,1,1
12/25/13 0:00,5:00:00,26,1,27
12/25/13 0:00,6:00:00,48,3,51
12/25/13 0:00,7:00:00,72,39,111
12/25/13 0:00,8:00:00,141,14,155
12/25/13 0:00,9:00:00,189,29,218
12/25/13 0:00,10:00:00,291,21,312
12/25/13 0:00,11:00:00,250,67,317
12/25/13 0:00,12:00:00,213,38,251
12/25/13 0:00,13:00:00,253,42,295
12/25/13 0:00,14:00:00,241,61,302
12/25/13 0:00,15:00:00,277,40,317
12/25/13 0:00,16:00:00,248,56,304
12/25/13 0:00,17:00:00,227,11,238
12/25/13 0:00,18:00:00,68,0,68
12/25/13 0:00,19:00:00,16,2,18
12/25/13 0:00,20:00:00,4,0,4
12/25/13 0:00,21:00:00,6,0,6
12/25/13 0:00,22:00:00,4,0,4
12/25/13 0:00,23:00:00,2,0,2
12/26/13 0:00,0:00:00,0,0,0
12/26/13 0:00,1:00:00,1,0,1
12/26/13 0:00,2:00:00,0,2,2
12/26/13 0:00,3:00:00,0,0,0
12/26/13 0:00,4:00:00,3,1,4
12/26/13 0:00,5:00:00,22,2,24
12/26/13 0:00,6:00:00,45,0,45
12/26/13 0:00,7:00:00,60,10,70
12/26/13 0:00,8:00:00,95,30,125
12/26/13 0:00,9:00:00,164,22,186
12/26/13 0:00,10:00:00,227,24,251
12/26/13 0:00,11:00:00,223,23,246
12/26/13 0:00,12:00:00,151,27,178
12/26/13 0:00,13:00:00,181,34,215
12/26/13 0:00,14:00:00,146,30,176
12/26/13 0:00,15:00:00,177,14,191
12/26/13 0:00,16:00:00,188,23,211
12/26/13 0:00,17:00:00,124,11,135
12/26/13 0:00,18:00:00,43,5,48
12/26/13 0:00,19:00:00,27,1,28
12/26/13 0:00,20:00:00,15,0,15
12/26/13 0:00,21:00:00,1,0,1
12/26/13 0:00,22:00:00,6,0,6
12/26/13 0:00,23:00:00,1,0,1
12/27/13 0:00,0:00:00,0,109,109
12/27/13 0:00,1:00:00,0,4,4
12/27/13 0:00,2:00:00,0,2,2
12/27/13 0:00,3:00:00,0,0,0
12/27/13 0:00,4:00:00,4,0,4
12/27/13 0:00,5:00:00,31,5,36
12/27/13 0:00,6:00:00,61,7,68
12/27/13 0:00,7:00:00,70,4,74
12/27/13 0:00,8:00:00,138,9,147
12/27/13 0:00,9:00:00,178,18,196
12/27/13 0:00,10:00:00,211,25,236
12/27/13 0:00,11:00:00,188,36,224
12/27/13 0:00,12:00:00,143,20,163
12/27/13 0:00,13:00:00,195,35,230
12/27/13 0:00,14:00:00,171,27,198
12/27/13 0:00,15:00:00,159,23,182
12/27/13 0:00,16:00:00,106,22,128
12/27/13 0:00,17:00:00,93,5,98
12/27/13 0:00,18:00:00,36,5,41
12/27/13 0:00,19:00:00,10,0,10
12/27/13 0:00,20:00:00,2,6,8
12/27/13 0:00,21:00:00,2,0,2
12/27/13 0:00,22:00:00,4,0,4
12/27/13 0:00,23:00:00,3,0,3
12/28/13 0:00,0:00:00,0,6,6
12/28/13 0:00,1:00:00,4,5,9
12/28/13 0:00,2:00:00,0,2,2
12/28/13 0:00,3:00:00,3,0,3
12/28/13 0:00,4:00:00,13,1,14
12/28/13 0:00,5:00:00,53,1,54
12/28/13 0:00,6:00:00,96,6,102
12/28/13 0:00,7:00:00,140,14,154
12/28/13 0:00,8:00:00,216,20,236
12/28/13 0:00,9:00:00,253,58,311
12/28/13 0:00,10:00:00,261,77,338
12/28/13 0:00,11:00:00,319,64,383
12/28/13 0:00,12:00:00,252,72,324
12/28/13 0:00,13:00:00,223,54,277
12/28/13 0:00,14:00:00,232,74,306
12/28/13 0:00,15:00:00,239,37,276
12/28/13 0:00,16:00:00,251,16,267
12/28/13 0:00,17:00:00,199,17,216
12/28/13 0:00,18:00:00,86,2,88
12/28/13 0:00,19:00:00,10,2,12
12/28/13 0:00,20:00:00,5,0,5
12/28/13 0:00,21:00:00,6,0,6
12/28/13 0:00,22:00:00,3,0,3
12/28/13 0:00,23:00:00,5,0,5
12/29/13 0:00,0:00:00,0,0,0
12/29/13 0:00,1:00:00,0,0,0
12/29/13 0:00,2:00:00,0,0,0
12/29/13 0:00,3:00:00,0,0,0
12/29/13 0:00,4:00:00,8,1,9
12/29/13 0:00,5:00:00,35,6,41
12/29/13 0:00,6:00:00,71,5,76
12/29/13 0:00,7:00:00,104,16,120
12/29/13 0:00,8:00:00,178,50,228
12/29/13 0:00,9:00:00,268,40,308
12/29/13 0:00,10:00:00,250,52,302
12/29/13 0:00,11:00:00,262,80,342
12/29/13 0:00,12:00:00,237,40,277
12/29/13 0:00,13:00:00,194,54,248
12/29/13 0:00,14:00:00,212,40,252
12/29/13 0:00,15:00:00,213,46,259
12/29/13 0:00,16:00:00,240,41,281
12/29/13 0:00,17:00:00,189,13,202
12/29/13 0:00,18:00:00,94,1,95
12/29/13 0:00,19:00:00,24,0,24
12/29/13 0:00,20:00:00,4,0,4
12/29/13 0:00,21:00:00,6,4,10
12/29/13 0:00,22:00:00,8,0,8
12/29/13 0:00,23:00:00,11,0,11
12/30/13 0:00,0:00:00,0,0,0
12/30/13 0:00,1:00:00,2,0,2
12/30/13 0:00,2:00:00,0,0,0
12/30/13 0:00,3:00:00,0,0,0
12/30/13 0:00,4:00:00,7,0,7
12/30/13 0:00,5:00:00,40,0,40
12/30/13 0:00,6:00:00,48,4,52
12/30/13 0:00,7:00:00,83,1,84
12/30/13 0:00,8:00:00,142,10,152
12/30/13 0:00,9:00:00,184,10,194
12/30/13 0:00,10:00:00,181,14,195
12/30/13 0:00,11:00:00,206,25,231
12/30/13 0:00,12:00:00,206,11,217
12/30/13 0:00,13:00:00,142,21,163
12/30/13 0:00,14:00:00,165,18,183
12/30/13 0:00,15:00:00,180,14,194
12/30/13 0:00,16:00:00,152,12,164
12/30/13 0:00,17:00:00,144,3,147
12/30/13 0:00,18:00:00,74,5,79
12/30/13 0:00,19:00:00,23,1,24
12/30/13 0:00,20:00:00,12,1,13
12/30/13 0:00,21:00:00,8,3,11
12/30/13 0:00,22:00:00,4,0,4
12/30/13 0:00,23:00:00,2,0,2
12/31/13 0:00,0:00:00,2,0,2
12/31/13 0:00,1:00:00,0,0,0
12/31/13 0:00,2:00:00,0,0,0
12/31/13 0:00,3:00:00,1,0,1
12/31/13 0:00,4:00:00,4,1,5
12/31/13 0:00,5:00:00,37,1,38
12/31/13 0:00,6:00:00,74,1,75
12/31/13 0:00,7:00:00,77,7,84
12/31/13 0:00,8:00:00,161,19,180
12/31/13 0:00,9:00:00,198,30,228
12/31/13 0:00,10:00:00,203,33,236
12/31/13 0:00,11:00:00,239,43,282
12/31/13 0:00,12:00:00,188,36,224
12/31/13 0:00,13:00:00,157,40,197
12/31/13 0:00,14:00:00,137,47,184
12/31/13 0:00,15:00:00,183,35,218
12/31/13 0:00,16:00:00,159,31,190
12/31/13 0:00,17:00:00,109,21,130
12/31/13 0:00,18:00:00,54,7,61
12/31/13 0:00,19:00:00,20,0,20
12/31/13 0:00,20:00:00,4,0,4
12/31/13 0:00,21:00:00,13,3,16
12/31/13 0:00,22:00:00,5,1,6
12/31/13 0:00,23:00:00,2,0,2
1/1/14 0:00,0:00:00,4,0,4
1/1/14 0:00,1:00:00,9,4,13
1/1/14 0:00,2:00:00,0,0,0
1/1/14 0:00,3:00:00,4,0,4
1/1/14 0:00,4:00:00,4,0,4
1/1/14 0:00,5:00:00,88,0,88
1/1/14 0:00,6:00:00,61,9,70
1/1/14 0:00,7:00:00,86,24,110
1/1/14 0:00,8:00:00,197,30,227
1/1/14 0:00,9:00:00,261,28,289
1/1/14 0:00,10:00:00,392,107,499
1/1/14 0:00,11:00:00,387,59,446
1/1/14 0:00,12:00:00,319,86,405
1/1/14 0:00,13:00:00,380,115,495
1/1/14 0:00,14:00:00,389,89,478
1/1/14 0:00,15:00:00,444,92,536
1/1/14 0:00,16:00:00,351,85,436
1/1/14 0:00,17:00:00,333,25,358
1/1/14 0:00,18:00:00,129,2,131
1/1/14 0:00,19:00:00,40,4,44
1/1/14 0:00,20:00:00,9,1,10
1/1/14 0:00,21:00:00,8,0,8
1/1/14 0:00,22:00:00,0,2,2
1/1/14 0:00,23:00:00,0,0,0
1/2/14 0:00,0:00:00,0,0,0
1/2/14 0:00,1:00:00,0,0,0
1/2/14 0:00,2:00:00,0,0,0
1/2/14 0:00,3:00:00,0,0,0
1/2/14 0:00,4:00:00,9,1,10
1/2/14 0:00,5:00:00,36,1,37
1/2/14 0:00,6:00:00,37,6,43
1/2/14 0:00,7:00:00,53,0,53
1/2/14 0:00,8:00:00,126,5,131
1/2/14 0:00,9:00:00,120,12,132
1/2/14 0:00,10:00:00,151,12,163
1/2/14 0:00,11:00:00,171,6,177
1/2/14 0:00,12:00:00,115,17,132
1/2/14 0:00,13:00:00,137,25,162
1/2/14 0:00,14:00:00,136,25,161
1/2/14 0:00,15:00:00,171,15,186
1/2/14 0:00,16:00:00,155,22,177
1/2/14 0:00,17:00:00,138,5,143
1/2/14 0:00,18:00:00,75,17,92
1/2/14 0:00,19:00:00,35,12,47
1/2/14 0:00,20:00:00,16,4,20
1/2/14 0:00,21:00:00,19,1,20
1/2/14 0:00,22:00:00,0,0,0
1/2/14 0:00,23:00:00,0,0,0
1/3/14 0:00,0:00:00,0,0,0
1/3/14 0:00,1:00:00,0,0,0
1/3/14 0:00,2:00:00,3,0,3
1/3/14 0:00,3:00:00,1,0,1
1/3/14 0:00,4:00:00,6,1,7
1/3/14 0:00,5:00:00,53,1,54
1/3/14 0:00,6:00:00,49,3,52
1/3/14 0:00,7:00:00,80,11,91
1/3/14 0:00,8:00:00,110,5,115
1/3/14 0:00,9:00:00,165,15,180
1/3/14 0:00,10:00:00,181,8,189
1/3/14 0:00,11:00:00,174,20,194
1/3/14 0:00,12:00:00,149,20,169
1/3/14 0:00,13:00:00,134,21,155
1/3/14 0:00,14:00:00,168,32,200
1/3/14 0:00,15:00:00,143,23,166
1/3/14 0:00,16:00:00,119,22,141
1/3/14 0:00,17:00:00,126,17,143
1/3/14 0:00,18:00:00,68,2,70
1/3/14 0:00,19:00:00,24,0,24
1/3/14 0:00,20:00:00,12,0,12
1/3/14 0:00,21:00:00,14,0,14
1/3/14 0:00,22:00:00,1,0,1
1/3/14 0:00,23:00:00,0,2,2
1/4/14 0:00,0:00:00,1,2,3
1/4/14 0:00,1:00:00,2,0,2
1/4/14 0:00,2:00:00,0,0,0
1/4/14 0:00,3:00:00,0,0,0
1/4/14 0:00,4:00:00,16,0,16
1/4/14 0:00,5:00:00,78,0,78
1/4/14 0:00,6:00:00,175,13,188
1/4/14 0:00,7:00:00,203,16,219
1/4/14 0:00,8:00:00,299,35,334
1/4/14 0:00,9:00:00,381,74,455
1/4/14 0:00,10:00:00,434,93,527
1/4/14 0:00,11:00:00,409,71,480
1/4/14 0:00,12:00:00,306,55,361
1/4/14 0:00,13:00:00,270,44,314
1/4/14 0:00,14:00:00,266,47,313
1/4/14 0:00,15:00:00,263,40,303
1/4/14 0:00,16:00:00,250,25,275
1/4/14 0:00,17:00:00,174,19,193
1/4/14 0:00,18:00:00,57,2,59
1/4/14 0:00,19:00:00,23,0,23
1/4/14 0:00,20:00:00,7,0,7
1/4/14 0:00,21:00:00,0,0,0
1/4/14 0:00,22:00:00,2,12,14
1/4/14 0:00,23:00:00,0,0,0
1/5/14 0:00,0:00:00,0,0,0
1/5/14 0:00,1:00:00,0,8,8
1/5/14 0:00,2:00:00,0,0,0
1/5/14 0:00,3:00:00,0,0,0
1/5/14 0:00,4:00:00,9,1,10
1/5/14 0:00,5:00:00,45,1,46
1/5/14 0:00,6:00:00,100,8,108
1/5/14 0:00,7:00:00,179,8,187
1/5/14 0:00,8:00:00,279,41,320
1/5/14 0:00,9:00:00,328,54,382
1/5/14 0:00,10:00:00,334,48,382
1/5/14 0:00,11:00:00,344,53,397
1/5/14 0:00,12:00:00,220,52,272
1/5/14 0:00,13:00:00,191,35,226
1/5/14 0:00,14:00:00,205,44,249
1/5/14 0:00,15:00:00,160,30,190
1/5/14 0:00,16:00:00,188,24,212
1/5/14 0:00,17:00:00,179,17,196
1/5/14 0:00,18:00:00,62,1,63
1/5/14 0:00,19:00:00,25,0,25
1/5/14 0:00,20:00:00,6,0,6
1/5/14 0:00,21:00:00,4,0,4
1/5/14 0:00,22:00:00,1,0,1
1/5/14 0:00,23:00:00,0,0,0
1/6/14 0:00,0:00:00,0,0,0
1/6/14 0:00,1:00:00,0,0,0
1/6/14 0:00,2:00:00,0,0,0
1/6/14 0:00,3:00:00,0,0,0
1/6/14 0:00,4:00:00,6,0,6
1/6/14 0:00,5:00:00,23,0,23
1/6/14 0:00,6:00:00,28,1,29
1/6/14 0:00,7:00:00,40,2,42
1/6/14 0:00,8:00:00,65,0,65
1/6/14 0:00,9:00:00,73,4,77
1/6/14 0:00,10:00:00,88,5,93
1/6/14 0:00,12:00:00,60,3,63
1/6/14 0:00,13:00:00,98,6,104
1/6/14 0:00,14:00:00,70,4,74
1/6/14 0:00,15:00:00,82,12,94
1/6/14 0:00,16:00:00,88,1,89
1/6/14 0:00,17:00:00,68,7,75
1/6/14 0:00,18:00:00,37,4,41
1/6/14 0:00,19:00:00,10,4,14
1/6/14 0:00,20:00:00,9,1,10
1/6/14 0:00,21:00:00,6,0,6
1/6/14 0:00,22:00:00,4,0,4
1/6/14 0:00,23:00:00,3,2,5
1/7/14 0:00,0:00:00,0,0,0
1/7/14 0:00,1:00:00,0,0,0
1/7/14 0:00,2:00:00,0,0,0
1/7/14 0:00,3:00:00,0,0,0
1/7/14 0:00,4:00:00,4,1,5
1/7/14 0:00,5:00:00,15,1,16
1/7/14 0:00,6:00:00,40,1,41
1/7/14 0:00,7:00:00,51,0,51
1/7/14 0:00,8:00:00,65,3,68
1/7/14 0:00,9:00:00,76,2,78
1/7/14 0:00,10:00:00,79,0,79
1/7/14 0:00,11:00:00,75,7,82
1/7/14 0:00,12:00:00,73,2,75
1/7/14 0:00,13:00:00,56,5,61
1/7/14 0:00,14:00:00,66,8,74
1/7/14 0:00,15:00:00,76,80,156
1/7/14 0:00,16:00:00,93,6,99
1/7/14 0:00,17:00:00,72,4,76
1/7/14 0:00,18:00:00,45,2,47
1/7/14 0:00,19:00:00,37,0,37
1/7/14 0:00,20:00:00,11,0,11
1/7/14 0:00,21:00:00,4,0,4
1/7/14 0:00,22:00:00,3,0,3
1/7/14 0:00,23:00:00,1,0,1
1/8/14 0:00,0:00:00,5,0,5
1/8/14 0:00,1:00:00,0,0,0
1/8/14 0:00,2:00:00,0,0,0
1/8/14 0:00,3:00:00,0,0,0
1/8/14 0:00,4:00:00,5,1,6
1/8/14 0:00,5:00:00,12,0,12
1/8/14 0:00,6:00:00,30,0,30
1/8/14 0:00,7:00:00,36,2,38
1/8/14 0:00,8:00:00,44,0,44
1/8/14 0:00,9:00:00,59,0,59
1/8/14 0:00,10:00:00,63,1,64
1/8/14 0:00,11:00:00,68,0,68
1/8/14 0:00,12:00:00,69,5,74
1/8/14 0:00,13:00:00,48,27,75
1/8/14 0:00,14:00:00,51,34,85
1/8/14 0:00,15:00:00,73,21,94
1/8/14 0:00,16:00:00,76,39,115
1/8/14 0:00,17:00:00,63,3,66
1/8/14 0:00,18:00:00,36,1,37
1/8/14 0:00,19:00:00,25,0,25
1/8/14 0:00,20:00:00,12,0,12
1/8/14 0:00,21:00:00,14,0,14
1/8/14 0:00,22:00:00,2,0,2
1/8/14 0:00,23:00:00,1,0,1
1/9/14 0:00,0:00:00,0,0,0
1/9/14 0:00,1:00:00,0,2,2
1/9/14 0:00,2:00:00,0,0,0
1/9/14 0:00,3:00:00,0,0,0
1/9/14 0:00,4:00:00,4,1,5
1/9/14 0:00,5:00:00,21,1,22
1/9/14 0:00,6:00:00,24,1,25
1/9/14 0:00,7:00:00,38,1,39
1/9/14 0:00,8:00:00,43,1,44
1/9/14 0:00,9:00:00,59,15,74
1/9/14 0:00,10:00:00,58,4,62
1/9/14 0:00,11:00:00,70,10,80
1/9/14 0:00,12:00:00,77,12,89
1/9/14 0:00,13:00:00,68,4,72
1/9/14 0:00,14:00:00,66,0,66
1/9/14 0:00,15:00:00,67,6,73
1/9/14 0:00,16:00:00,85,8,93
1/9/14 0:00,17:00:00,80,7,87
1/9/14 0:00,18:00:00,39,3,42
1/9/14 0:00,19:00:00,36,4,40
1/9/14 0:00,20:00:00,12,1,13
1/9/14 0:00,21:00:00,8,0,8
1/9/14 0:00,22:00:00,1,0,1
1/9/14 0:00,23:00:00,3,0,3
1/10/14 0:00,0:00:00,1,0,1
1/10/14 0:00,1:00:00,0,0,0
1/10/14 0:00,2:00:00,0,0,0
1/10/14 0:00,3:00:00,0,0,0
1/10/14 0:00,4:00:00,5,0,5
1/10/14 0:00,5:00:00,25,0,25
1/10/14 0:00,6:00:00,37,4,41
1/10/14 0:00,7:00:00,37,3,40
1/10/14 0:00,8:00:00,59,6,65
1/10/14 0:00,9:00:00,106,13,119
1/10/14 0:00,10:00:00,105,10,115
1/10/14 0:00,11:00:00,83,18,101
1/10/14 0:00,12:00:00,86,5,91
1/10/14 0:00,13:00:00,84,6,90
1/10/14 0:00,14:00:00,82,7,89
1/10/14 0:00,15:00:00,72,12,84
1/10/14 0:00,16:00:00,79,3,82
1/10/14 0:00,17:00:00,84,2,86
1/10/14 0:00,18:00:00,33,5,38
1/10/14 0:00,19:00:00,8,0,8
1/10/14 0:00,20:00:00,7,0,7
1/10/14 0:00,21:00:00,4,0,4
1/10/14 0:00,22:00:00,1,0,1
1/10/14 0:00,23:00:00,2,0,2
1/11/14 0:00,0:00:00,1,0,1
1/11/14 0:00,1:00:00,0,0,0
1/11/14 0:00,2:00:00,0,0,0
1/11/14 0:00,3:00:00,3,0,3
1/11/14 0:00,4:00:00,10,1,11
1/11/14 0:00,5:00:00,68,1,69
1/11/14 0:00,6:00:00,146,8,154
1/11/14 0:00,7:00:00,209,6,215
1/11/14 0:00,8:00:00,274,28,302
1/11/14 0:00,9:00:00,290,51,341
1/11/14 0:00,10:00:00,286,50,336
1/11/14 0:00,11:00:00,258,49,307
1/11/14 0:00,12:00:00,200,37,237
1/11/14 0:00,13:00:00,215,22,237
1/11/14 0:00,14:00:00,190,35,225
1/11/14 0:00,15:00:00,192,17,209
1/11/14 0:00,16:00:00,142,14,156
1/11/14 0:00,17:00:00,83,6,89
1/11/14 0:00,18:00:00,37,1,38
1/11/14 0:00,19:00:00,24,0,24
1/11/14 0:00,20:00:00,9,0,9
1/11/14 0:00,21:00:00,12,0,12
1/11/14 0:00,22:00:00,0,0,0
1/11/14 0:00,23:00:00,1,0,1
1/12/14 0:00,0:00:00,0,0,0
1/12/14 0:00,1:00:00,0,0,0
1/12/14 0:00,2:00:00,0,0,0
1/12/14 0:00,3:00:00,0,0,0
1/12/14 0:00,4:00:00,8,1,9
1/12/14 0:00,5:00:00,70,1,71
1/12/14 0:00,6:00:00,85,11,96
1/12/14 0:00,7:00:00,157,13,170
1/12/14 0:00,8:00:00,231,23,254
1/12/14 0:00,9:00:00,264,40,304
1/12/14 0:00,10:00:00,271,44,315
1/12/14 0:00,11:00:00,215,41,256
1/12/14 0:00,12:00:00,179,35,214
1/12/14 0:00,13:00:00,160,33,193
1/12/14 0:00,14:00:00,211,28,239
1/12/14 0:00,15:00:00,189,59,248
1/12/14 0:00,16:00:00,235,32,267
1/12/14 0:00,17:00:00,180,15,195
1/12/14 0:00,18:00:00,74,0,74
1/12/14 0:00,19:00:00,17,0,17
1/12/14 0:00,20:00:00,11,0,11
1/12/14 0:00,21:00:00,2,0,2
1/12/14 0:00,22:00:00,2,0,2
1/12/14 0:00,23:00:00,0,0,0
1/13/14 0:00,0:00:00,1,0,1
1/13/14 0:00,1:00:00,2,0,2
1/13/14 0:00,2:00:00,1,0,1
1/13/14 0:00,3:00:00,0,0,0
1/13/14 0:00,4:00:00,2,0,2
1/13/14 0:00,5:00:00,4,1,5
1/13/14 0:00,6:00:00,24,1,25
1/13/14 0:00,7:00:00,41,2,43
1/13/14 0:00,8:00:00,61,6,67
1/13/14 0:00,9:00:00,92,3,95
1/13/14 0:00,10:00:00,71,2,73
1/13/14 0:00,11:00:00,93,5,98
1/13/14 0:00,12:00:00,90,11,101
1/13/14 0:00,13:00:00,92,6,98
1/13/14 0:00,14:00:00,68,8,76
1/13/14 0:00,15:00:00,71,7,78
1/13/14 0:00,16:00:00,93,9,102
1/13/14 0:00,17:00:00,87,4,91
1/13/14 0:00,18:00:00,54,0,54
1/13/14 0:00,19:00:00,25,4,29
1/13/14 0:00,20:00:00,15,0,15
1/13/14 0:00,21:00:00,8,0,8
1/13/14 0:00,22:00:00,5,0,5
1/13/14 0:00,23:00:00,3,0,3
1/14/14 0:00,0:00:00,3,0,3
1/14/14 0:00,1:00:00,0,0,0
1/14/14 0:00,2:00:00,0,0,0
1/14/14 0:00,3:00:00,0,0,0
1/14/14 0:00,4:00:00,9,1,10
1/14/14 0:00,5:00:00,23,1,24
1/14/14 0:00,6:00:00,30,1,31
1/14/14 0:00,7:00:00,58,1,59
1/14/14 0:00,8:00:00,68,2,70
1/14/14 0:00,9:00:00,117,1,118
1/14/14 0:00,10:00:00,93,3,96
1/14/14 0:00,11:00:00,71,3,74
1/14/14 0:00,12:00:00,91,6,97
1/14/14 0:00,13:00:00,73,4,77
1/14/14 0:00,14:00:00,46,6,52
1/14/14 0:00,15:00:00,64,7,71
1/14/14 0:00,16:00:00,76,7,83
1/14/14 0:00,17:00:00,66,6,72
1/14/14 0:00,18:00:00,53,5,58
1/14/14 0:00,19:00:00,31,1,32
1/14/14 0:00,20:00:00,20,1,21
1/14/14 0:00,21:00:00,15,0,15
1/14/14 0:00,22:00:00,5,0,5
1/14/14 0:00,23:00:00,3,0,3
1/15/14 0:00,0:00:00,0,0,0
1/15/14 0:00,1:00:00,0,0,0
1/15/14 0:00,2:00:00,0,0,0
1/15/14 0:00,3:00:00,0,0,0
1/15/14 0:00,4:00:00,13,1,14
1/15/14 0:00,5:00:00,20,1,21
1/15/14 0:00,6:00:00,40,2,42
1/15/14 0:00,7:00:00,59,2,61
1/15/14 0:00,8:00:00,79,6,85
1/15/14 0:00,9:00:00,123,3,126
1/15/14 0:00,10:00:00,133,12,145
1/15/14 0:00,11:00:00,103,7,110
1/15/14 0:00,12:00:00,84,3,87
1/15/14 0:00,13:00:00,82,5,87
1/15/14 0:00,14:00:00,81,3,84
1/15/14 0:00,15:00:00,70,2,72
1/15/14 0:00,16:00:00,103,5,108
1/15/14 0:00,17:00:00,92,10,102
1/15/14 0:00,18:00:00,78,4,82
1/15/14 0:00,19:00:00,44,4,48
1/15/14 0:00,20:00:00,20,0,20
1/15/14 0:00,21:00:00,14,0,14
1/15/14 0:00,22:00:00,0,0,0
1/15/14 0:00,23:00:00,3,0,3
1/16/14 0:00,0:00:00,0,0,0
1/16/14 0:00,1:00:00,0,0,0
1/16/14 0:00,2:00:00,0,0,0
1/16/14 0:00,3:00:00,0,0,0
1/16/14 0:00,4:00:00,3,1,4
1/16/14 0:00,5:00:00,24,3,27
1/16/14 0:00,6:00:00,37,1,38
1/16/14 0:00,7:00:00,57,4,61
1/16/14 0:00,8:00:00,77,3,80
1/16/14 0:00,9:00:00,74,3,77
1/16/14 0:00,10:00:00,96,4,100
1/16/14 0:00,11:00:00,79,6,85
1/16/14 0:00,12:00:00,88,3,91
1/16/14 0:00,13:00:00,63,3,66
1/16/14 0:00,14:00:00,58,7,65
1/16/14 0:00,15:00:00,64,4,68
1/16/14 0:00,16:00:00,78,6,84
1/16/14 0:00,17:00:00,94,4,98
1/16/14 0:00,18:00:00,55,1,56
1/16/14 0:00,19:00:00,37,8,45
1/16/14 0:00,20:00:00,20,5,25
1/16/14 0:00,21:00:00,12,0,12
1/16/14 0:00,22:00:00,10,0,10
1/16/14 0:00,23:00:00,5,2,7
1/17/14 0:00,0:00:00,1,0,1
1/17/14 0:00,1:00:00,1,0,1
1/17/14 0:00,2:00:00,0,0,0
1/17/14 0:00,3:00:00,1,0,1
1/17/14 0:00,4:00:00,9,0,9
1/17/14 0:00,5:00:00,35,0,35
1/17/14 0:00,6:00:00,58,3,61
1/17/14 0:00,7:00:00,52,0,52
1/17/14 0:00,8:00:00,93,5,98
1/17/14 0:00,9:00:00,124,9,133
1/17/14 0:00,10:00:00,129,9,138
1/17/14 0:00,11:00:00,134,16,150
1/17/14 0:00,12:00:00,97,5,102
1/17/14 0:00,13:00:00,81,21,102
1/17/14 0:00,14:00:00,79,5,84
1/17/14 0:00,15:00:00,65,27,92
1/17/14 0:00,16:00:00,86,13,99
1/17/14 0:00,17:00:00,105,10,115
1/17/14 0:00,18:00:00,57,0,57
1/17/14 0:00,19:00:00,25,0,25
1/17/14 0:00,20:00:00,24,0,24
1/17/14 0:00,21:00:00,19,0,19
1/17/14 0:00,22:00:00,2,0,2
1/17/14 0:00,23:00:00,2,0,2
1/18/14 0:00,0:00:00,5,0,5
1/18/14 0:00,1:00:00,0,0,0
1/18/14 0:00,2:00:00,5,2,7
1/18/14 0:00,3:00:00,0,0,0
1/18/14 0:00,4:00:00,17,2,19
1/18/14 0:00,5:00:00,73,4,77
1/18/14 0:00,6:00:00,145,3,148
1/18/14 0:00,7:00:00,264,28,292
1/18/14 0:00,8:00:00,291,29,320
1/18/14 0:00,9:00:00,394,61,455
1/18/14 0:00,10:00:00,430,97,527
1/18/14 0:00,11:00:00,384,105,489
1/18/14 0:00,12:00:00,363,90,453
1/18/14 0:00,13:00:00,330,56,386
1/18/14 0:00,14:00:00,259,54,313
1/18/14 0:00,15:00:00,242,23,265
1/18/14 0:00,16:00:00,235,33,268
1/18/14 0:00,17:00:00,237,13,250
1/18/14 0:00,18:00:00,129,13,142
1/18/14 0:00,19:00:00,51,0,51
1/18/14 0:00,20:00:00,24,4,28
1/18/14 0:00,21:00:00,9,1,10
1/18/14 0:00,22:00:00,5,0,5
1/18/14 0:00,23:00:00,3,0,3
1/19/14 0:00,0:00:00,0,0,0
1/19/14 0:00,1:00:00,3,0,3
1/19/14 0:00,2:00:00,2,0,2
1/19/14 0:00,3:00:00,1,0,1
1/19/14 0:00,4:00:00,11,0,11
1/19/14 0:00,5:00:00,74,1,75
1/19/14 0:00,6:00:00,115,11,126
1/19/14 0:00,7:00:00,223,28,251
1/19/14 0:00,8:00:00,281,29,310
1/19/14 0:00,9:00:00,346,68,414
1/19/14 0:00,10:00:00,366,67,433
1/19/14 0:00,11:00:00,341,56,397
1/19/14 0:00,12:00:00,278,59,337
1/19/14 0:00,13:00:00,247,37,284
1/19/14 0:00,14:00:00,183,23,206
1/19/14 0:00,15:00:00,157,35,192
1/19/14 0:00,16:00:00,182,63,245
1/19/14 0:00,17:00:00,134,16,150
1/19/14 0:00,18:00:00,71,9,80
1/19/14 0:00,19:00:00,24,0,24
1/19/14 0:00,20:00:00,15,0,15
1/19/14 0:00,21:00:00,7,0,7
1/19/14 0:00,22:00:00,2,0,2
1/19/14 0:00,23:00:00,4,2,6
1/20/14 0:00,0:00:00,2,0,2
1/20/14 0:00,1:00:00,0,0,0
1/20/14 0:00,2:00:00,0,1,1
1/20/14 0:00,3:00:00,1,0,1
1/20/14 0:00,4:00:00,12,1,13
1/20/14 0:00,5:00:00,54,2,56
1/20/14 0:00,6:00:00,67,7,74
1/20/14 0:00,7:00:00,120,21,141
1/20/14 0:00,8:00:00,155,66,221
1/20/14 0:00,9:00:00,275,61,336
1/20/14 0:00,10:00:00,344,49,393
1/20/14 0:00,11:00:00,312,63,375
1/20/14 0:00,12:00:00,289,56,345
1/20/14 0:00,13:00:00,325,51,376
1/20/14 0:00,14:00:00,231,26,257
1/20/14 0:00,15:00:00,228,43,271
1/20/14 0:00,16:00:00,217,33,250
1/20/14 0:00,17:00:00,214,7,221
1/20/14 0:00,18:00:00,138,2,140
1/20/14 0:00,19:00:00,34,1,35
1/20/14 0:00,20:00:00,15,0,15
1/20/14 0:00,21:00:00,8,0,8
1/20/14 0:00,22:00:00,1,0,1
1/20/14 0:00,23:00:00,1,0,1
1/21/14 0:00,0:00:00,0,0,0
1/21/14 0:00,1:00:00,0,0,0
1/21/14 0:00,2:00:00,0,0,0
1/21/14 0:00,3:00:00,1,0,1
1/21/14 0:00,4:00:00,7,1,8
1/21/14 0:00,5:00:00,15,1,16
1/21/14 0:00,6:00:00,28,2,30
1/21/14 0:00,7:00:00,44,12,56
1/21/14 0:00,8:00:00,76,2,78
1/21/14 0:00,9:00:00,77,3,80
1/21/14 0:00,10:00:00,104,6,110
1/21/14 0:00,11:00:00,105,7,112
1/21/14 0:00,12:00:00,90,14,104
1/21/14 0:00,13:00:00,59,8,67
1/21/14 0:00,14:00:00,41,0,41
1/21/14 0:00,15:00:00,81,10,91
1/21/14 0:00,16:00:00,70,6,76
1/21/14 0:00,17:00:00,72,6,78
1/21/14 0:00,18:00:00,57,1,58
1/21/14 0:00,19:00:00,33,0,33
1/21/14 0:00,20:00:00,21,0,21
1/21/14 0:00,21:00:00,11,0,11
1/21/14 0:00,22:00:00,0,0,0
1/21/14 0:00,23:00:00,1,0,1
1/22/14 0:00,0:00:00,0,0,0
1/22/14 0:00,1:00:00,0,0,0
1/22/14 0:00,2:00:00,0,0,0
1/22/14 0:00,3:00:00,0,0,0
1/22/14 0:00,4:00:00,11,1,12
1/22/14 0:00,5:00:00,18,1,19
1/22/14 0:00,6:00:00,49,0,49
1/22/14 0:00,7:00:00,53,0,53
1/22/14 0:00,9:00:00,100,1,101
1/22/14 0:00,10:00:00,105,11,116
1/22/14 0:00,11:00:00,117,6,123
1/22/14 0:00,12:00:00,91,4,95
1/22/14 0:00,13:00:00,89,49,138
1/22/14 0:00,14:00:00,76,30,106
1/22/14 0:00,15:00:00,56,6,62
1/22/14 0:00,16:00:00,91,4,95
1/22/14 0:00,17:00:00,81,6,87
1/22/14 0:00,18:00:00,80,12,92
1/22/14 0:00,19:00:00,44,1,45
1/22/14 0:00,20:00:00,23,1,24
1/22/14 0:00,21:00:00,17,0,17
1/22/14 0:00,22:00:00,2,0,2
1/22/14 0:00,23:00:00,0,0,0
1/23/14 0:00,0:00:00,6,0,6
1/23/14 0:00,1:00:00,0,0,0
1/23/14 0:00,2:00:00,0,0,0
1/23/14 0:00,3:00:00,1,0,1
1/23/14 0:00,4:00:00,6,1,7
1/23/14 0:00,5:00:00,29,2,31
1/23/14 0:00,6:00:00,35,0,35
1/23/14 0:00,7:00:00,46,4,50
1/23/14 0:00,8:00:00,94,2,96
1/23/14 0:00,9:00:00,77,2,79
1/23/14 0:00,10:00:00,88,7,95
1/23/14 0:00,11:00:00,75,5,80
1/23/14 0:00,12:00:00,76,4,80
1/23/14 0:00,13:00:00,69,9,78
1/23/14 0:00,14:00:00,35,1,36
1/23/14 0:00,15:00:00,57,7,64
1/23/14 0:00,16:00:00,93,4,97
1/23/14 0:00,17:00:00,67,3,70
1/23/14 0:00,18:00:00,57,1,58
1/23/14 0:00,19:00:00,35,5,40
1/23/14 0:00,20:00:00,23,1,24
1/23/14 0:00,21:00:00,16,0,16
1/23/14 0:00,22:00:00,3,0,3
1/23/14 0:00,23:00:00,1,0,1
1/24/14 0:00,0:00:00,0,0,0
1/24/14 0:00,1:00:00,0,0,0
1/24/14 0:00,2:00:00,0,0,0
1/24/14 0:00,3:00:00,1,0,1
1/24/14 0:00,4:00:00,10,0,10
1/24/14 0:00,5:00:00,22,0,22
1/24/14 0:00,6:00:00,58,0,58
1/24/14 0:00,7:00:00,49,5,54
1/24/14 0:00,8:00:00,89,7,96
1/24/14 0:00,9:00:00,105,2,107
1/24/14 0:00,10:00:00,98,5,103
1/24/14 0:00,11:00:00,95,7,102
1/24/14 0:00,12:00:00,95,5,100
1/24/14 0:00,13:00:00,76,6,82
1/24/14 0:00,14:00:00,64,14,78
1/24/14 0:00,15:00:00,65,6,71
1/24/14 0:00,16:00:00,98,16,114
1/24/14 0:00,17:00:00,95,46,141
1/24/14 0:00,18:00:00,60,3,63
1/24/14 0:00,19:00:00,14,3,17
1/24/14 0:00,20:00:00,17,0,17
1/24/14 0:00,21:00:00,11,0,11
1/24/14 0:00,22:00:00,3,0,3
1/24/14 0:00,23:00:00,7,0,7
1/25/14 0:00,0:00:00,4,0,4
1/25/14 0:00,1:00:00,3,0,3
1/25/14 0:00,2:00:00,1,0,1
1/25/14 0:00,3:00:00,0,0,0
1/25/14 0:00,4:00:00,18,1,19
1/25/14 0:00,5:00:00,120,4,124
1/25/14 0:00,6:00:00,155,7,162
1/25/14 0:00,7:00:00,245,29,274
1/25/14 0:00,8:00:00,360,33,393
1/25/14 0:00,9:00:00,389,72,461
1/25/14 0:00,10:00:00,375,84,459
1/25/14 0:00,11:00:00,358,77,435
1/25/14 0:00,12:00:00,323,85,408
1/25/14 0:00,13:00:00,296,67,363
1/25/14 0:00,14:00:00,239,46,285
1/25/14 0:00,15:00:00,267,67,334
1/25/14 0:00,16:00:00,238,106,344
1/25/14 0:00,17:00:00,184,115,299
1/25/14 0:00,18:00:00,110,3,113
1/25/14 0:00,19:00:00,43,5,48
1/25/14 0:00,20:00:00,16,0,16
1/25/14 0:00,21:00:00,11,0,11
1/25/14 0:00,22:00:00,14,0,14
1/25/14 0:00,23:00:00,2,0,2
1/26/14 0:00,0:00:00,6,4,10
1/26/14 0:00,1:00:00,0,0,0
1/26/14 0:00,2:00:00,0,0,0
1/26/14 0:00,3:00:00,0,0,0
1/26/14 0:00,4:00:00,19,1,20
1/26/14 0:00,5:00:00,74,1,75
1/26/14 0:00,6:00:00,134,3,137
1/26/14 0:00,7:00:00,240,23,263
1/26/14 0:00,8:00:00,281,52,333
1/26/14 0:00,9:00:00,359,94,453
1/26/14 0:00,10:00:00,374,103,477
1/26/14 0:00,11:00:00,378,68,446
1/26/14 0:00,12:00:00,352,77,429
1/26/14 0:00,13:00:00,288,69,357
1/26/14 0:00,14:00:00,274,61,335
1/26/14 0:00,15:00:00,211,42,253
1/26/14 0:00,16:00:00,247,47,294
1/26/14 0:00,17:00:00,210,45,255
1/26/14 0:00,18:00:00,147,5,152
1/26/14 0:00,19:00:00,51,3,54
1/26/14 0:00,20:00:00,16,0,16
1/26/14 0:00,21:00:00,6,0,6
1/26/14 0:00,22:00:00,5,2,7
1/26/14 0:00,23:00:00,0,0,0
1/27/14 0:00,0:00:00,4,0,4
1/27/14 0:00,1:00:00,0,0,0
1/27/14 0:00,2:00:00,0,0,0
1/27/14 0:00,3:00:00,0,0,0
1/27/14 0:00,4:00:00,7,1,8
1/27/14 0:00,5:00:00,18,1,19
1/27/14 0:00,6:00:00,26,1,27
1/27/14 0:00,7:00:00,39,3,42
1/27/14 0:00,8:00:00,77,10,87
1/27/14 0:00,9:00:00,71,14,85
1/27/14 0:00,10:00:00,56,8,64
1/27/14 0:00,11:00:00,59,4,63
1/27/14 0:00,12:00:00,75,2,77
1/27/14 0:00,13:00:00,51,0,51
1/27/14 0:00,14:00:00,57,26,83
1/27/14 0:00,15:00:00,56,4,60
1/27/14 0:00,16:00:00,73,58,131
1/27/14 0:00,17:00:00,44,8,52
1/27/14 0:00,18:00:00,32,0,32
